pi1 : 0.328859  pi2 : 0.671141 
 mu1 : [ -0.879279, 0.281715 ]
 mu2 : [ 1.946114, -0.599915 ]
pi1 : 0.498328  pi2 : 0.501672 
 mu1 : [ -1.605447, 0.541808 ]
 mu2 : [ 1.675931, -0.419129 ]
pi1 : 0.624060  pi2 : 0.375940 
 mu1 : [ -1.839321, -0.602831 ]
 mu2 : [ 1.050018, -0.315183 ]
